23846 961 1
23A49 699 1
2439Q 707 1
24TQ8 243 1
24Q79 282 1
259A4 110 1
25TA9 755 1
293KQ 566 1
2Q4A3 653 1
2Q9A4 895 1
2QA75 489 1
2KQ87 325 1
2KA79 374 1
34782 145 1
356KA 442 1
3674K 446 1
36AQK 892 1
37864 739 1
384K2 884 1
39Q75 264 1
3QTA2 743 1
3K857 205 1
3K865 747 1
3KAQ9 163 1
3A6K7 954 1
46T98 845 1
4798T 803 1
47K65 991 1
49576 72 1
49653 826 1
4T67A 146 1
4TQA8 484 1
4Q6A2 849 1
4Q8K2 318 1
4Q9T2 970 1
4A2K8 644 1
57QK9 137 1
593TA 889 1
59873 180 1
5T673 1 1
5KQ36 769 1
5A7Q4 863 1
5ATK7 945 1
6324A 126 1
6328Q 716 1
658K2 620 1
675KT 785 1
6892Q 351 1
689TK 182 1
69753 514 1
6T48A 472 1
6T4A2 594 1
6TK37 271 1
6K325 596 1
6A37T 639 1
7249A 239 1
734A9 579 1
7589T 66 1
75QA8 129 1
7658A 409 1
78439 905 1
784QA 750 1
79TA2 237 1
7T8KA 648 1
7Q84K 304 1
7K6Q3 124 1
7A234 523 1
82695 654 1
845A6 506 1
84AK5 283 1
85T2K 87 1
87A6K 976 1
8K27T 91 1
936A8 476 1
93A4Q 621 1
94T63 815 1
95AQ8 902 1
975A8 607 1
9T7A3 527 1
9T863 90 1
9QT86 207 1
9AQT7 911 1
T3A9Q 147 1
T7354 199 1
T7AQ8 899 1
T9647 46 1
T9Q78 220 1
TQ752 119 1
TQK48 651 1
TA472 38 1
TA5K2 674 1
Q245T 720 1
Q3K7T 813 1
Q54T6 331 1
Q572K 561 1
Q5T26 188 1
QT2A4 841 1
K3582 62 1
K397A 357 1
K39Q7 935 1
K4835 387 1
K4T95 859 1
K5827 235 1
K632Q 242 1
K6AQT 297 1
KT592 178 1
KQ26T 189 1
KQT25 711 1
KA329 600 1
KA896 734 1
A3854 194 1
A4527 479 1
A4K3T 968 1
A5TK8 974 1
A8K34 487 1
J27AK 525 2
J29K7 45 2
J35T8 158 2
J3862 987 2
J4675 887 2
J5924 727 2
J5T89 265 2
J5Q24 404 2
J74Q8 572 2
J934K 488 2
JTQ34 381 2
JTA83 433 2
JQ6KA 437 2
JQ792 457 2
JK378 736 2
JA348 200 2
2J4A3 794 2
2J6KA 532 2
24478 924 2
24Q46 766 2
25A5K 635 2
27J4K 969 2
2752A 448 2
27QK7 396 2
28665 32 2
2T8T6 430 2
2Q5AQ 943 2
2KA27 161 2
2A797 73 2
3J5T4 98 2
3J98T 515 2
3359A 365 2
34Q49 337 2
364Q4 806 2
36AT3 777 2
37762 214 2
37KJ9 184 2
384A3 77 2
38T84 877 2
39598 288 2
3T6J5 668 2
3AJ9Q 812 2
3AKK9 195 2
3AA2K 724 2
4J2K5 355 2
428QJ 630 2
43327 470 2
43772 117 2
44KA6 254 2
45JAK 327 2
455A6 658 2
456Q6 258 2
45T8J 697 2
46K2J 894 2
479J3 681 2
49J53 784 2
49254 425 2
4976J 916 2
4T29J 37 2
4T3AA 723 2
4T546 850 2
4T69J 86 2
4Q954 28 2
4K226 491 2
4KK8T 901 2
4A845 580 2
52TJ9 197 2
53TA3 144 2
54772 914 2
557TK 460 2
55893 816 2
57J6A 530 2
57378 156 2
576Q6 730 2
57KJ3 467 2
5Q49Q 728 2
5QKJ6 888 2
5QA4A 308 2
5KJ29 824 2
5AJ34 678 2
5AJ6Q 938 2
5AT77 537 2
6J873 134 2
6JKT3 418 2
626K3 701 2
6272A 376 2
63J97 29 2
63KJA 950 2
64836 336 2
64K6T 875 2
6553T 412 2
67A69 840 2
68JT9 798 2
695A9 36 2
6T929 465 2
6TK44 209 2
6Q2J3 689 2
6A299 940 2
6A424 210 2
6AQQ9 185 2
7J26K 34 2
7J9AT 722 2
7JK48 449 2
72TT4 741 2
75465 659 2
7553A 604 2
779QA 371 2
77T56 521 2
78467 821 2
78QJ3 452 2
78KAK 176 2
793A3 883 2
7Q58Q 192 2
7K4K9 349 2
7KQ22 751 2
7AJ8Q 996 2
844Q2 694 2
8639J 269 2
867JA 413 2
86T82 187 2
876T8 469 2
88749 125 2
88KA6 867 2
892T8 78 2
89466 548 2
898K3 474 2
8T894 359 2
8T944 362 2
8QJ46 967 2
8Q278 230 2
8QTT2 92 2
8KJ2T 946 2
8K663 804 2
8KQ4Q 462 2
8KAQQ 186 2
8A738 339 2
8ATA4 459 2
9J276 999 2
9JK8T 223 2
9JKQA 309 2
92527 171 2
93J8A 526 2
93984 536 2
9496K 709 2
96TJQ 735 2
96Q4Q 633 2
975JA 587 2
98Q59 973 2
994A2 851 2
99Q8A 451 2
9TTK6 44 2
9K29T 763 2
9K6J8 918 2
9KA29 57 2
9A5J6 338 2
TJK79 857 2
T2J48 181 2
T32Q3 276 2
T3558 771 2
T5578 378 2
T5K7J 866 2
T66A9 59 2
T6K56 104 2
T9J67 419 2
T9AJ2 48 2
TT685 191 2
TQ3J6 155 2
TQ446 364 2
TQK6K 89 2
TK779 767 2
TA83A 920 2
QJ348 725 2
QJ76T 641 2
Q282T 988 2
Q288T 890 2
Q343A 843 2
Q6272 463 2
Q89JA 361 2
Q8K3Q 16 2
Q8KQ7 441 2
QT24T 586 2
QQA46 296 2
QK3J5 444 2
QAJ58 817 2
K3348 779 2
K3TAJ 886 2
K4394 781 2
K4K9A 490 2
K853J 801 2
K863K 345 2
K8T98 291 2
K8Q6J 700 2
KT39T 792 2
KQ477 495 2
KQK65 652 2
KQA88 618 2
KK548 529 2
KA8K3 301 2
A2433 375 2
A4954 395 2
A5Q25 157 2
A5A36 100 2
A65TJ 60 2
A7585 793 2
A8J74 860 2
A829A 486 2
A87A5 27 2
A8QQ9 174 2
A9J73 160 2
A9446 348 2
A97J6 522 2
A972J 427 2
AK2K8 791 2
AKK34 234 2
AA359 617 2
23992 634 3
23K23 278 3
25AA2 993 3
27AA7 800 3
28424 758 3
2T82T 13 3
2Q29Q 305 3
2Q332 865 3
2AA72 43 3
32372 61 3
334K4 464 3
34T43 390 3
36886 173 3
3737K 69 3
37A3A 619 3
37A7A 872 3
388A3 994 3
39636 623 3
3Q34Q 380 3
3AA88 828 3
44T22 277 3
44T6T 386 3
44QQ2 128 3
44AA3 855 3
45343 240 3
46436 776 3
47247 411 3
47478 869 3
4949T 540 3
4T2T4 289 3
4K4TT 719 3
52325 149 3
52K5K 244 3
53385 714 3
5445K 516 3
544AA 823 3
5577T 927 3
559KK 111 3
58KK8 14 3
5KQKQ 958 3
5A5AT 435 3
626T2 315 3
63356 274 3
65596 354 3
662TT 420 3
664T4 115 3
66ATT 520 3
69226 737 3
6Q26Q 909 3
6K688 432 3
6KK76 383 3
72K72 203 3
74974 539 3
77446 294 3
774AA 752 3
78T8T 226 3
7T667 748 3
7Q7Q6 83 3
7K766 307 3
7KTTK 990 3
82299 568 3
84433 49 3
855Q8 85 3
85833 874 3
85865 367 3
85A85 744 3
86K8K 910 3
88QKQ 51 3
89T98 248 3
89A9A 629 3
8K8K2 139 3
99434 292 3
994A4 721 3
99588 708 3
9T8T9 822 3
9TT9Q 138 3
9QQ93 334 3
9K933 543 3
9A889 588 3
T33T8 106 3
T3T32 39 3
T66KK 931 3
T77AA 885 3
TT336 261 3
TT445 564 3
TT696 948 3
TT955 778 3
TTAQQ 511 3
Q2Q25 153 3
Q2Q2T 955 3
Q3Q3T 507 3
Q6996 762 3
Q6Q6A 143 3
Q7Q97 980 3
Q997Q 997 3
QT2QT 377 3
QQ373 926 3
K252K 858 3
K34K4 733 3
K4747 20 3
K4AK4 440 3
K565K 819 3
K5K53 608 3
KTTKQ 18 3
KQ6Q6 683 3
KQTQT 685 3
KK8A8 461 3
A3T3A 686 3
A5TAT 609 3
A5QQ5 341 3
A77KA 705 3
A7A88 241 3
A88QQ 363 3
A88KA 17 3
ATA7T 162 3
AQA8Q 984 3
AA848 112 3
AAKK2 671 3
JJ43T 131 4
JJ6Q2 250 4
JJ849 426 4
J2326 262 4
J2449 392 4
J2625 311 4
J2696 570 4
J3387 853 4
J564J 876 4
J6J95 928 4
J6499 97 4
J6Q4Q 673 4
J7662 252 4
J799T 650 4
J799A 270 4
J7Q87 848 4
J82J5 402 4
J9923 64 4
JTT89 554 4
JQ47Q 499 4
JQQ54 99 4
JKQ9K 12 4
JA2TA 576 4
JA94A 679 4
2J296 496 4
2J877 788 4
2J928 632 4
222Q4 41 4
22329 434 4
22372 900 4
234J3 965 4
24J8J 605 4
25535 30 4
2622Q 417 4
26Q66 369 4
27A2J 881 4
282J6 340 4
2TTT6 245 4
2QTTT 597 4
2AQQQ 118 4
3JTT5 774 4
32JQQ 936 4
3323Q 103 4
33382 691 4
333Q7 71 4
33423 4 4
336K3 384 4
338J9 838 4
344T4 953 4
34888 140 4
355JQ 878 4
37338 414 4
3888K 870 4
38A33 690 4
393TJ 820 4
3996J 864 4
3QJ3T 649 4
3QQKQ 979 4
4JTAJ 598 4
4JQ94 493 4
42722 208 4
42744 544 4
428J4 428 4
43999 836 4
4448Q 222 4
444KQ 908 4
444A7 24 4
445Q4 513 4
4494K 475 4
44K3J 328 4
44K8J 247 4
44A4Q 941 4
45447 300 4
4888K 56 4
4K555 842 4
4K6KK 344 4
4AJQ4 847 4
4A424 284 4
5J7Q5 645 4
5J8Q8 517 4
5J969 856 4
52226 323 4
55567 613 4
55589 963 4
55TK5 360 4
55Q56 229 4
584J8 88 4
5933J 7 4
5Q9QQ 290 4
5KK6J 206 4
5A5J3 35 4
5AQQQ 738 4
6J39J 279 4
6JTJ8 939 4
6JT36 712 4
6JQQT 757 4
6JA4A 626 4
63JAA 964 4
6333A 846 4
63668 582 4
65676 636 4
66685 912 4
666Q3 893 4
66956 862 4
67779 75 4
6T26J 627 4
6Q4QQ 498 4
6KJQQ 797 4
6AJJ2 343 4
6AAA4 52 4
7JTAA 557 4
7JQ66 398 4
73JQ7 573 4
76J37 201 4
76TTT 790 4
77JKT 107 4
77472 302 4
7778A 179 4
77TJ3 285 4
78868 142 4
78KKJ 746 4
79773 123 4
7T77A 761 4
7TTT4 454 4
7QJAA 670 4
7Q7J6 253 4
7K477 680 4
7AK77 622 4
8J979 152 4
828AJ 799 4
82K88 555 4
84544 105 4
87727 947 4
87828 135 4
87988 503 4
884KJ 533 4
8868K 132 4
888T3 834 4
89JK8 603 4
8T882 159 4
8QT88 130 4
8A488 663 4
9JKA9 416 4
939T9 394 4
95J89 780 4
95J9T 593 4
955K5 661 4
95A55 263 4
966A6 15 4
9887J 745 4
99639 40 4
9995K 925 4
9TJ6T 577 4
9TQ99 94 4
TJJ36 509 4
TJJ4K 370 4
TJJ5K 959 4
TJT82 422 4
TJQ2J 896 4
T2292 312 4
T3J3A 906 4
T46J6 717 4
T5JKK 616 4
T5QQJ 695 4
T7J9T 615 4
T9989 682 4
T9TT5 565 4
TTJA3 170 4
TT4TK 113 4
TT8T6 346 4
TTT48 320 4
TTT4A 458 4
TTT64 789 4
TQJQ8 228 4
TK888 756 4
TKT3T 326 4
TAT6T 535 4
TAAA3 483 4
QJJ9T 190 4
QJJA9 55 4
QJ2J8 329 4
QJ3KQ 232 4
QJ4QA 704 4
QJ8TT 492 4
QJTT2 628 4
Q4777 731 4
Q66J9 871 4
Q6Q5Q 844 4
Q7Q2J 401 4
QT333 466 4
QAJ8A 528 4
QA3AA 773 4
QAQQ9 33 4
QAAA9 558 4
KJJ59 314 4
KJ68J 500 4
KJT9K 917 4
KJQQ5 217 4
K38J3 687 4
K4JK5 372 4
K5J66 116 4
K5J77 592 4
K5855 233 4
K5AJA 880 4
K6J7K 164 4
K7J73 934 4
K7J88 805 4
K72J7 754 4
K777T 937 4
K87J7 501 4
K999Q 287 4
K9KJA 919 4
KKJ52 829 4
KK36K 330 4
KK76K 782 4
KK7K3 560 4
KKK54 310 4
KAA3A 96 4
KAATJ 807 4
AJ939 775 4
A34AA 453 4
A38JA 423 4
A4AQA 688 4
A52J2 76 4
A566J 692 4
A5AAT 831 4
A66J9 120 4
A6AKA 624 4
A7KKK 642 4
A7AAK 553 4
A855J 101 4
A858J 978 4
A96AA 215 4
AT222 260 4
AQ33J 1000 4
AQQ7J 306 4
AAJ67 625 4
AA5A2 353 4
AAT2A 63 4
AATA8 211 4
AAA72 295 4
AAAQ7 684 4
J2992 942 5
J4664 251 5
J5757 382 5
J7744 26 5
JQTQT 986 5
JK22K 332 5
JA55A 445 5
JA77A 667 5
JA8A8 219 5
2J525 366 5
222KK 281 5
22424 485 5
226J6 438 5
24442 913 5
26622 410 5
27227 897 5
29929 966 5
2T2T2 321 5
32232 172 5
32323 299 5
33377 783 5
334J4 236 5
33939 512 5
33AAA 471 5
35533 989 5
38383 102 5
3KK33 590 5
44433 456 5
44554 546 5
44777 541 5
44QQ4 183 5
46446 765 5
48884 569 5
4K44K 524 5
52252 68 5
53535 768 5
55757 255 5
55885 391 5
5665J 854 5
5Q55Q 342 5
5K55K 23 5
5KKJ5 710 5
6JQ6Q 385 5
66363 477 5
66622 268 5
66776 358 5
66K6K 224 5
67677 972 5
6T6TT 982 5
6A66A 610 5
72772 82 5
75577 550 5
77733 808 5
77887 80 5
779J9 79 5
77Q7Q 421 5
7AAA7 212 5
8J778 231 5
8J833 802 5
86866 534 5
86886 2 5
87887 998 5
88282 193 5
88444 389 5
88999 585 5
88Q8Q 114 5
8QJ8Q 393 5
8K8K8 166 5
933J9 830 5
9559J 317 5
96969 246 5
97797 373 5
97979 319 5
9889J 612 5
99JKK 547 5
99666 584 5
99933 136 5
999KK 640 5
99TTT 293 5
T33T3 606 5
T4T44 350 5
T5T55 518 5
T77TT 698 5
T8T88 753 5
TT2T2 898 5
TT7J7 601 5
TT999 581 5
TTT33 133 5
TQQTQ 647 5
TKTKT 944 5
Q33JQ 213 5
Q4QQ4 611 5
Q6Q6Q 388 5
Q99Q9 922 5
QTTQT 764 5
QQ5J5 67 5
QQ55Q 923 5
QQ8Q8 175 5
QQQAA 591 5
K4K4J 154 5
K9K9K 167 5
KQKQJ 368 5
KQKQK 891 5
KK7K7 810 5
KK8K8 879 5
KKKTT 563 5
KKAAK 638 5
KAAAK 660 5
AJA99 450 5
A333A 298 5
A4A4A 480 5
A555A 58 5
A6JA6 21 5
A9A99 873 5
ATTTA 504 5
AKKAJ 930 5
AA5A5 992 5
AA8A8 249 5
AA99A 50 5
AATJT 497 5
AAQQA 169 5
AAA66 473 5
JJ33T 531 6
JJ6Q6 693 6
JJ994 286 6
JJQQ3 502 6
J2JQQ 599 6
J2777 8 6
J3373 168 6
J4555 904 6
J553J 405 6
J557J 657 6
J5655 439 6
J7773 559 6
J8688 669 6
J9TJ9 662 6
JTAAA 356 6
JQQ7Q 907 6
2JJJ5 280 6
2JJ2Q 718 6
2JJ99 267 6
2J2T2 403 6
22J2K 656 6
22J72 795 6
22226 109 6
2222Q 825 6
22232 770 6
22252 225 6
22922 333 6
255JJ 53 6
299J9 141 6
2TTTT 510 6
2QJQQ 835 6
2QQQQ 956 6
2A22J 424 6
2A222 971 6
3J33A 54 6
3J383 975 6
32333 508 6
33J35 429 6
33533 809 6
33833 65 6
33K33 202 6
34444 84 6
35555 702 6
37777 275 6
39333 221 6
3TTTT 574 6
4J448 949 6
444J3 19 6
44447 583 6
44K44 127 6
48888 538 6
49J99 415 6
4T444 962 6
4A4J4 960 6
5J955 227 6
52J22 951 6
5255J 322 6
55255 549 6
55559 703 6
55565 545 6
555Q5 5 6
5755J 11 6
5855J 589 6
5888J 70 6
59999 408 6
5A5J5 675 6
5A555 238 6
5AAAA 631 6
6J444 121 6
6J69J 729 6
6J696 122 6
6333J 861 6
63333 833 6
64444 772 6
66636 216 6
66665 578 6
66K66 551 6
67666 646 6
67777 665 6
69J9J 165 6
69666 31 6
6AJ66 6 6
7J7J4 3 6
72222 837 6
74J44 915 6
77J8J 726 6
77477 519 6
77778 148 6
7KJKK 468 6
85888 676 6
88JA8 25 6
88388 257 6
884J8 177 6
88886 742 6
88887 995 6
88Q8J 74 6
88Q88 196 6
8TTTJ 706 6
8K88J 505 6
979J9 818 6
99J96 562 6
995J9 379 6
999J3 352 6
99969 266 6
9999K 397 6
99T99 759 6
9KKJK 22 6
9AJAA 552 6
9A999 696 6
TJQTT 760 6
T7777 443 6
T888J 595 6
TT9TT 335 6
TTT4T 316 6
TTT7T 431 6
TTTT5 957 6
TTTT8 981 6
TTQTT 478 6
TKTTT 868 6
QJ777 47 6
QJQ3Q 664 6
Q5JQQ 151 6
Q7777 786 6
QQ7QQ 643 6
QQTQQ 399 6
QQQ9Q 713 6
QQQQ3 9 6
QQQQK 10 6
QQQAQ 666 6
K2KKK 677 6
K3KJJ 313 6
K4KKK 198 6
K5555 614 6
K6KKK 985 6
K7777 303 6
K7KKK 637 6
K8888 732 6
KQQJQ 256 6
KQKKK 406 6
KKJTK 259 6
KK2JK 400 6
KK9KK 839 6
KKKJ5 814 6
KKK5K 903 6
KKKKA 832 6
AJAA2 929 6
AJAA7 324 6
A2AAA 811 6
A7JAJ 273 6
A8JAA 952 6
AQAAA 482 6
AKAAA 347 6
AAJAQ 108 6
AA4AA 575 6
AA6AA 921 6
AA7AA 882 6
AA8AA 218 6
AAA3A 407 6
AAAA9 672 6
JJJJJ 542 7
JJJ8J 933 7
JJJKK 749 7
JJ444 556 7
JJ999 447 7
J22J2 204 7
J4JJ4 150 7
J7J7J 95 7
JTTJT 655 7
JQQJQ 715 7
JAAJA 272 7
JAAAA 983 7
2222J 494 7
33J3J 81 7
333J3 827 7
444J4 796 7
5J55J 787 7
5J555 567 7
66J6J 571 7
66J66 602 7
7J7J7 481 7
7J777 93 7
8J88J 932 7
8888J 436 7
9999J 977 7
TJTTT 740 7
QQJQQ 42 7
KJKKJ 455 7
KKJKK 852 7
